연도	총 소비량	탁주	약주	청주	맥주	과실주	증류식소주	희석식소주	위스키	브랜디	일반증류주	리큐르	기타주류
2005	9.787	0.324	0.138	0.098	2.049	0.132	0.004	6.476	0.365	0.015	0.103	0.064	0.019
2006	9.977	0.328	0.131	0.091	2.095	0.15	0.005	6.610	0.350	0.019	0.103	0.07	0.024
2007	10.07	0.328	0.1	0.088	2.181	0.201	0.006	6.56	0.381	0.021	0.113	0.065	0.027
2008	10.225	0.331	0.081	0.083	2.232	0.182	0.006	6.745	0.336	0.017	0.113	0.069	0.03
2009	9.631	0.484	0.065	0.088	2.146	0.147	0.008	6.178	0.276	0.015	0.144	0.052	0.027
2010	9.715	0.757	0.055	0.089	2.075	0.149	0.007	6.113	0.278	0.014	0.099	0.045	0.035
2011	9.652	0.829	0.054	0.092	2.112	0.145	0.007	5.977	0.244	0.012	0.109	0.042	0.028
2012	9.777	0.8	0.047	0.097	2.170	0.143	0.007	6.084	0.211	0.01	0.121	0.059	0.029
2013	9.430	0.752	0.041	0.102	2.196	0.159	0.007	5.726	0.189	0.009	0.154	0.061	0.033
2014	9.65	0.75	0.034	0.093	2.178	0.161	0.007	5.966	0.181	0.012	0.168	0.06	0.04
2015	9.813	0.714	0.031	0.087	2.186	0.183	0.009	5.875	0.173	0.008	0.189	0.313	0.045
2016	9.345	0.678	0.031	0.089	2.15	0.165	0.011	5.665	0.163	0.007	0.15	0.16	0.076
2017	9.27	0.687	0.029	0.095	2.079	0.149	0.016	5.682	0.153	0.006	0.138	0.086	0.149
2018	9.043	0.668	0.03	0.097	2.033	0.16	0.015	5.451	0.135	0.005	0.134	0.081	0.235
2019	8.81	0.609	0.029	0.082	1.961	0.182	0.015	5.385	0.112	0.005	0.128	0.074	0.228
2020	8.342	0.618	0.024	0.076	1.726	0.223	0.016	5.095	0.092	0.005	0.12	0.059	0.286
2021	8.071	0.588	0.029	0.079	1.672	0.316	0.021	4.783	0.099	0.006	0.116	0.067	0.297
